رقم المقرر,CRN,الشعبة,حالة الشعبة,اسم المقرر,ساعات,الأيام,النشاط,الوقت,مدرس المادة,المتطلبات السابقة,متاح للكليات,متاح للتخصصات
0901-204,68726,006,غير متاحه,البرمجة الهندسية,3,ن,نظري,1330 - 1445,,0817-144,22,
0901-204,68726,006,غير متاحه,البرمجة الهندسية,3,خ,نظري,1330 - 1445,,0817-144,22,
0901-204,56920,01,متاحه,البرمجة الهندسية,3,ح,نظري,0900 - 1015,مروان محمد امين الحاج,0817-144,22,
0901-204,56920,01,متاحه,البرمجة الهندسية,3,ر,نظري,0900 - 1015,مروان محمد امين الحاج,0817-144,22,
0901-204,28331,02,ممتلئة,البرمجة الهندسية,3,ر,نظري,1030 - 1145,نعيم حمد,0817-144,22,
0901-204,28331,02,ممتلئة,البرمجة الهندسية,3,ح,نظري,1030 - 1145,نعيم حمد,0817-144,22,
0901-204,64108,03,ممتلئة,البرمجة الهندسية,3,ح,نظري,1200 - 1315,مروان محمد امين الحاج,0817-144,22,
0901-204,64108,03,ممتلئة,البرمجة الهندسية,3,ر,نظري,1200 - 1315,مروان محمد امين الحاج,0817-144,22,
0901-204,56915,04,ممتلئة,البرمجة الهندسية,3,ن,نظري,0900 - 1015,مروان محمد امين الحاج,0817-144,22,
0901-204,56915,04,ممتلئة,البرمجة الهندسية,3,خ,نظري,0900 - 1015,مروان محمد امين الحاج,0817-144,22,
0901-204,68724,05,ممتلئة,البرمجة الهندسية,3,خ,نظري,1200 - 1315,توصيف أحمد رنا,0817-144,22,
0901-204,68724,05,ممتلئة,البرمجة الهندسية,3,ن,نظري,1200 - 1315,توصيف أحمد رنا,0817-144,22,
0901-204,73515,06,غير متاحه,البرمجة الهندسية,3,ن,نظري,1330 - 1445,,0817-144,22,
0901-204,73515,06,غير متاحه,البرمجة الهندسية,3,خ,نظري,1330 - 1445,,0817-144,22,
0911-211,68251,01,غير متاحه,هيكلة البيانات,2,ن,نظري,0900 - 1015,,0911-120,09,0914 0912 0911 0910
0911-211,68251,01,غير متاحه,هيكلة البيانات,2,ر,نظري,0900 - 1015,,0911-120,09,0914 0912 0911 0910
0911-211,68253,41,غير متاحه,هيكلة البيانات,0,ث,عملي,0830 - 1010,,0911-120,09,0914 0912 0911 0910
0911-220,34278,01,غير متاحه,البرمجة كائنية التوجه (2),3,ح ث,نظري,1600 - 1715,محمد شجاع صميم,0911-210,09,0914 0912 0911 0910
0911-220,52891,41,غير متاحه,البرمجة كائنية التوجه (2),0,ح,عملي,1419 - 1559,محمد شجاع صميم,0911-210,09,0914 0912 0911 0910
0911-221,68257,01,غير متاحه,نظم التشغيل,3,ث,نظري,1300 - 1415,,0913-213,09,0914 0912 0911 0910
0911-221,68257,01,غير متاحه,نظم التشغيل,3,خ,نظري,1430 - 1545,,0913-213,09,0914 0912 0911 0910
0911-221,68260,41,غير متاحه,نظم التشغيل,0,ث,عملي,1419 - 1559,,0913-213,09,0914 0912 0911 0910
0911-310,34457,01,متاحه,هندسة البرمجيات,3,ن ر,نظري,1300 - 1415,ماجد محمد عبدالله السعيد,0911-220/0912-222,09,0911
0911-310,52899,41,متاحه,هندسة البرمجيات,0,خ,عملي,0830 - 1010,نعيم حمد,0911-220/0912-222,09,0911
0911-320,71220,01,متاحه,سرية وحماية بيانات الحاسب,3,ر,نظري,1730 - 1845,عبدالرؤوف خان,0911-221/0914-223,09,0912 0911
0911-320,71220,01,متاحه,سرية وحماية بيانات الحاسب,3,ن,نظري,1730 - 1845,عبدالرؤوف خان,0911-221/0914-223,09,0912 0911
0911-320,71221,02,متاحه,سرية وحماية بيانات الحاسب,3,ح,نظري,1430 - 1545,عبدالرؤوف خان,0911-221/0914-223,09,0912 0911
0911-320,71221,02,متاحه,سرية وحماية بيانات الحاسب,3,ث,نظري,1430 - 1545,عبدالرؤوف خان,0911-221/0914-223,09,0912 0911
0911-321,36673,01,غير متاحه,نظرية اللغات,3,ن ر,نظري,1730 - 1845,,0817-125,09,0911
0911-330,66188,01,ممتلئة,التدريب ( التعاوني) العملي,3,ح ن ث ر خ,نظري,0830 - 1600,عيد محمد عيد البلوي,,09,0911
0911-410,38327,01,غير متاحه,مقترح مشروع,2,ح,نظري,2200 - 2250,حسن شجاع القحطاني,,09,0911
0911-410,49732,09,غير متاحه,مقترح مشروع,2,ر,نظري,2030 - 2210,,,09,0911
0911-410,49728,10,غير متاحه,مقترح مشروع,2,ر,نظري,2030 - 2210,,,09,0911
0911-410,49729,11,غير متاحه,مقترح مشروع,2,ر,نظري,2030 - 2210,,,09,0911
0911-410,49730,12,غير متاحه,مقترح مشروع,2,ر,نظري,2030 - 2210,,,09,0911
0911-411,36675,01,غير متاحه,الذكاء الاصطناعي,3,ح ث,نظري,1730 - 1845,,0817-125,09,0911
0911-411,53055,41,غير متاحه,الذكاء الاصطناعي,0,ر,عملي,1235 - 1415,,0817-125,09,0911
0911-412,77540,01,متاحه,الحوسبة المتنقلة,3,ن ر,نظري,0900 - 1015,ساركار اناريانن سوريش,0914-223,,
0911-420,72750,01,غير متاحه,تنفيذ مشروع,3,ح,نظري,2200 - 2250,خالد رياض,,09,0911
0911-420,48889,04,غير متاحه,تنفيذ مشروع,3,ث,نظري,2030 - 2300,,0911-410,09,0911
0911-420,49733,05,غير متاحه,تنفيذ مشروع,3,ث,نظري,2030 - 2300,,0911-410,09,0911
0911-420,49735,06,غير متاحه,تنفيذ مشروع,3,ث,نظري,2030 - 2300,,0911-410,09,0911
0911-421,40965,01,غير متاحه,موضوعات مختارة في علوم الحاسب,3,خ,نظري,1430 - 1545,,0911-410,09,0911
0911-421,40965,01,غير متاحه,موضوعات مختارة في علوم الحاسب,3,ث,نظري,1300 - 1415,,0911-410,09,0911
0911-422,63399,01,متاحه,تعدد الوكيل,3,ث,نظري,0900 - 1015,علاء الصغير,0911-221,09,0911
0911-422,63399,01,متاحه,تعدد الوكيل,3,ر,نظري,1030 - 1145,علاء الصغير,0911-221,09,0911
0911-423,72751,01,متاحه,الرؤية والرسومات بالحاسب الآلي,3,ح ث,نظري,1600 - 1715,ساركار اناريانن سوريش,0911-220,09,0911
0911-425,68728,01,متاحه,برمجة تطبيقات الأجهزة المتنقلة,3,ر,نظري,1600 - 1715,عبدالرؤوف خان,0914-223,09,0911
0911-425,68728,01,متاحه,برمجة تطبيقات الأجهزة المتنقلة,3,ن,نظري,1600 - 1715,عبدالرؤوف خان,0914-223,09,0911
0911-425,73519,41,متاحه,برمجة تطبيقات الأجهزة المتنقلة,0,ح,عملي,1600 - 1740,خالد رياض,0914-223,09,0911
0912-111,64145,01,ممتلئة,أساسيات نظم المعلومات,3,ث,نظري,1145 - 1300,عيسى اليونس,,31,3103 3101
0912-111,64145,01,ممتلئة,أساسيات نظم المعلومات,3,ن,نظري,1030 - 1145,عيسى اليونس,,31,3103 3101
0912-312,66189,01,متاحه,المسؤلية المهنية,2,ن ر,نظري,1430 - 1545,عبدالله عبدالرحمن سعد العليمي,0912-212,09,0914 0912 0911 0910
0912-323,68264,01,غير متاحه,النظم المبنية على الويب,3,ن ر,نظري,1730 - 1845,,0914-223/0912-222,09,0912 0911
0912-323,68265,41,غير متاحه,النظم المبنية على الويب,0,ر,عملي,1419 - 1559,,0914-223/0912-222,09,0912 0911
0912-410,36690,01,غير متاحه,مقترح مشروع,2,ح,نظري,2100 - 2230,,,09,0912
0912-410,48893,02,غير متاحه,مقترح مشروع,2,ن,نظري,2100 - 2230,,,09,0912
0912-410,48896,05,غير متاحه,مقترح مشروع,2,ر,نظري,2030 - 2210,,,09,0912
0912-410,52911,06,غير متاحه,مقترح مشروع,2,ر,نظري,2030 - 2210,,,09,0912
0912-410,52912,07,غير متاحه,مقترح مشروع,2,ر,نظري,2030 - 2210,,,09,0912
0912-420,49737,05,غير متاحه,تنفيذ مشروع,3,ر,نظري,2030 - 2300,,0912-410,09,0912
0912-420,49739,07,غير متاحه,تنفيذ مشروع,3,ر,نظري,2030 - 2300,,0912-410,09,0912
0912-420,49741,09,غير متاحه,تنفيذ مشروع,3,ر,نظري,2030 - 2300,,0912-410,09,0912
0912-420,49740,8,غير متاحه,تنفيذ مشروع,3,ر,نظري,2030 - 2300,,0912-410,09,0912
0913-313,34282,01,غير متاحه,معمارية الحاسب,3,خ,نظري,1430 - 1545,,0913-213,09,0911
0913-313,34282,01,غير متاحه,معمارية الحاسب,3,ث,نظري,1300 - 1415,,0913-213,09,0911
0913-313,52948,41,غير متاحه,معمارية الحاسب,0,ر,عملي,1030 - 1210,,0913-213,09,0911
0914-313,64233,01,غير متاحه,ادارة الانظمة,3,خ,نظري,1430 - 1545,,0911-221,09,0914
0914-313,64233,01,غير متاحه,ادارة الانظمة,3,ث,نظري,1300 - 1415,,0911-221,09,0914
0914-313,64234,41,غير متاحه,ادارة الانظمة,0,ث,عملي,1419 - 1559,,0911-221,09,0914
0914-320,68269,01,غير متاحه,أمن أنظمة الحاسب,3,ن ر,نظري,1730 - 1845,,0911-221,09,0914 0912
0914-324,71400,01,غير متاحه,محاكاة ونمذجة الشبكات,3,ح,نظري,0900 - 1015,,0914-310,09,0914
0914-324,71400,01,غير متاحه,محاكاة ونمذجة الشبكات,3,خ,نظري,0900 - 1015,,0914-310,09,0914
0914-324,71401,41,غير متاحه,محاكاة ونمذجة الشبكات,0,ح,عملي,1600 - 1740,,0914-310,09,0914
0914-410,40697,01,غير متاحه,مقترح مشروع,2,ح,نظري,2100 - 2230,,,09,0914
0914-410,48901,05,غير متاحه,مقترح مشروع,2,ر,نظري,2030 - 2210,,,09,0914
0914-410,48903,07,غير متاحه,مقترح مشروع,2,ر,نظري,2030 - 2210,,,09,0914
0914-415,71403,01,غير متاحه,الشبكات متعددة الوسائط وتطبيقا,0,ح خ,نظري,0900 - 1015,,0914-214,09,0914
0914-415,71404,41,غير متاحه,الشبكات متعددة الوسائط وتطبيقا,0,ن,عملي,1730 - 1845,,0914-214,09,0914
0914-420,55172,05,غير متاحه,تطبيق المشروع,3,ر,نظري,2030 - 2300,,0914-410,09,0914
0914-421,71222,01,غير متاحه,موضوعات مختارة في شبكات الكمبي,3,ن ر,نظري,1600 - 1715,,0914-410,09,0914
0914-425,71473,01,غير متاحه,التوجيه المتقدم,3,ن ر,نظري,0900 - 1015,,0914-311,09,0914
0914-425,71474,41,غير متاحه,التوجيه المتقدم,3,ث,نظري,1600 - 1715,,0914-311,09,0914
0921-110,53426,01,ممتلئة,مقدمة علم الحاسب,4,ن ر,نظري,1300 - 1415,عابد اقبال,,09,0924 0923 0922 0921 0920
0921-110,53427,02,ممتلئة,مقدمة علم الحاسب,4,ن ر,نظري,0900 - 1015,عبدالغفار حامد احمد,,09,0924 0923 0922 0921 0920
0921-110,53428,03,ممتلئة,مقدمة علم الحاسب,4,ح خ,نظري,1030 - 1145,محمد عاصم,,09,0924 0923 0922 0921 0920
0921-110,53429,04,ممتلئة,مقدمة علم الحاسب,4,ر,نظري,1030 - 1145,راما سامي,,09,0924 0923 0922 0921 0920
0921-110,53429,04,ممتلئة,مقدمة علم الحاسب,4,ث,نظري,0900 - 1015,راما سامي,,09,0924 0923 0922 0921 0920
0921-110,53478,05,ممتلئة,مقدمة علم الحاسب,4,ن ر,نظري,1300 - 1415,فواز أبو خضرا,,09,0924 0923 0922 0921 0920
0921-110,53479,06,ممتلئة,مقدمة علم الحاسب,4,ن ر,نظري,0900 - 1015,فرقان زهور,,09,0924 0923 0922 0921 0920
0921-110,63474,07,ممتلئة,مقدمة علم الحاسب,4,ح خ,نظري,1030 - 1145,فواز أبو خضرا,,09,0924 0923 0922 0921 0920
0921-110,63482,08,ممتلئة,مقدمة علم الحاسب,4,ر,نظري,1030 - 1145,عبدالرحيم أحمد,,09,0924 0923 0922 0921 0920
0921-110,63482,08,ممتلئة,مقدمة علم الحاسب,4,ث,نظري,0900 - 1015,عبدالرحيم أحمد,,09,0924 0923 0922 0921 0920
0921-110,55324,09,متاحه,مقدمة علم الحاسب,4,ن ر,نظري,1300 - 1415,عابد اقبال,,09,0924 0923 0922 0921 0920
0921-110,55317,10,ممتلئة,مقدمة علم الحاسب,4,ن ر,نظري,0900 - 1015,عبدالغفار حامد احمد,,09,0924 0923 0922 0921 0920
0921-110,57868,11,ممتلئة,مقدمة علم الحاسب,4,ح خ,نظري,1030 - 1145,محمد عاصم,,09,0924 0923 0922 0921 0920
0921-110,57886,12,ممتلئة,مقدمة علم الحاسب,4,ث,نظري,0900 - 1015,راما سامي,,09,0924 0923 0922 0921 0920
0921-110,57886,12,ممتلئة,مقدمة علم الحاسب,4,ر,نظري,1030 - 1145,راما سامي,,09,0924 0923 0922 0921 0920
0921-110,57888,13,ممتلئة,مقدمة علم الحاسب,4,ن ر,نظري,1300 - 1415,فواز أبو خضرا,,09,0924 0923 0922 0921 0920
0921-110,57891,14,ممتلئة,مقدمة علم الحاسب,4,ن ر,نظري,0900 - 1015,فرقان زهور,,09,0924 0923 0922 0921 0920
0921-110,63514,15,ممتلئة,مقدمة علم الحاسب,4,ح خ,نظري,1030 - 1145,فواز أبو خضرا,,09,0924 0923 0922 0921 0920
0921-110,63519,16,ممتلئة,مقدمة علم الحاسب,4,ث,نظري,0900 - 1015,عبدالرحيم أحمد,,09,0924 0923 0922 0921 0920
0921-110,63519,16,ممتلئة,مقدمة علم الحاسب,4,ر,نظري,1030 - 1145,عبدالرحيم أحمد,,09,0924 0923 0922 0921 0920
0921-110,68283,17,ممتلئة,مقدمة علم الحاسب,4,ح ث,نظري,1430 - 1545,عبدالغفار حامد احمد,,09,0924 0923 0922 0921 0920
0921-110,68285,18,متاحه,مقدمة علم الحاسب,4,ح ن ث,نظري,1430 - 1545,عبدالغفار حامد احمد,,09,0924 0923 0922 0921 0920
0921-110,72752,19,متاحه,مقدمة علم الحاسب,4,ح خ,نظري,1300 - 1415,,,09,0924 0923 0922 0921 0920
0921-110,72753,20,متاحه,مقدمة علم الحاسب,4,ن ر,نظري,1430 - 1545,,,09,0924 0923 0922 0921 0920
0921-110,72754,21,متاحه,مقدمة علم الحاسب,4,ح ث,نظري,1600 - 1715,,,09,0924 0923 0922 0921 0920
0921-110,72755,22,متاحه,مقدمة علم الحاسب,4,ث,نظري,1300 - 1415,,,09,0924 0923 0922 0921 0920
0921-110,72755,22,متاحه,مقدمة علم الحاسب,4,خ,نظري,1430 - 1545,,,09,0924 0923 0922 0921 0920
0921-110,72756,23,متاحه,مقدمة علم الحاسب,4,ح ث,نظري,1430 - 1545,,,09,0924 0923 0922 0921 0920
0921-110,72757,24,متاحه,مقدمة علم الحاسب,4,ح ث,نظري,1430 - 1545,,,09,0924 0923 0922 0921 0920
0921-110,72758,25,متاحه,مقدمة علم الحاسب,4,ح خ,نظري,1300 - 1415,,,09,0924 0923 0922 0921 0920
0921-110,72759,26,متاحه,مقدمة علم الحاسب,4,ن ر,نظري,1430 - 1545,,,09,0924 0923 0922 0921 0920
0921-110,72760,27,متاحه,مقدمة علم الحاسب,4,ح ث,نظري,1600 - 1715,,,09,0924 0923 0922 0921 0920
0921-110,72761,28,متاحه,مقدمة علم الحاسب,4,خ,نظري,1430 - 1545,,,09,0924 0923 0922 0921 0920
0921-110,72761,28,متاحه,مقدمة علم الحاسب,4,ث,نظري,1300 - 1415,,,09,0924 0923 0922 0921 0920
0921-110,73053,30,متاحه,مقدمة علم الحاسب,0,ح,عملي,0830 - 1010,,,09,0924 0923 0922 0921 0920
0921-110,73054,31,متاحه,مقدمة علم الحاسب,0,ح,عملي,1235 - 1415,,,09,0924 0923 0922 0921 0920
0921-110,73055,32,متاحه,مقدمة علم الحاسب,0,خ,عملي,1235 - 1415,,,09,0924 0923 0922 0921 0920
0921-110,73056,33,متاحه,مقدمة علم الحاسب,0,ر,عملي,0830 - 1010,,,09,0924 0923 0922 0921 0920
0921-110,73057,34,متاحه,مقدمة علم الحاسب,0,ث,عملي,1600 - 1740,,,09,0924 0923 0922 0921 0920
0921-110,73058,35,متاحه,مقدمة علم الحاسب,0,ر,عملي,1235 - 1415,,,09,0924 0923 0922 0921 0920
0921-110,73059,36,متاحه,مقدمة علم الحاسب,0,ح,عملي,1030 - 1210,,,09,0924 0923 0922 0921 0920
0921-110,73060,37,متاحه,مقدمة علم الحاسب,0,ح,عملي,1235 - 1415,,,09,0924 0923 0922 0921 0920
0921-110,73061,38,متاحه,مقدمة علم الحاسب,0,خ,نظري,1235 - 1415,,,09,0924 0923 0922 0921 0920
0921-110,53469,41,ممتلئة,مقدمة علم الحاسب,0,ث,عملي,1235 - 1415,سيد هاشم رضا بخاري,,09,0924 0923 0922 0921 0920
0921-110,53472,42,ممتلئة,مقدمة علم الحاسب,0,ح,عملي,1030 - 1210,سند عبدالله الافغاني,,09,0924 0923 0922 0921 0920
0921-110,53473,43,ممتلئة,مقدمة علم الحاسب,0,خ,عملي,1419 - 1559,ساجد اقبال,,09,0924 0923 0922 0921 0920
0921-110,53474,44,ممتلئة,مقدمة علم الحاسب,0,ح,عملي,0830 - 1010,محمد عاصم,,09,0924 0923 0922 0921 0920
0921-110,53475,45,ممتلئة,مقدمة علم الحاسب,0,ث,عملي,1235 - 1415,نفيد رسول,,09,0924 0923 0922 0921 0920
0921-110,53476,46,ممتلئة,مقدمة علم الحاسب,0,خ,عملي,1030 - 1210,سند عبدالله الافغاني,,09,0924 0923 0922 0921 0920
0921-110,63536,47,ممتلئة,مقدمة علم الحاسب,0,خ,عملي,1419 - 1559,نفيد رسول,,09,0924 0923 0922 0921 0920
0921-110,63593,48,ممتلئة,مقدمة علم الحاسب,0,خ,عملي,0830 - 1010,صديق مصطفى الخضر النعيم,,09,0924 0923 0922 0921 0920
0921-110,55320,49,متاحه,مقدمة علم الحاسب,0,ث,عملي,1235 - 1415,عبدالغفار حامد احمد,,09,0924 0923 0922 0921 0920
0921-110,55321,50,ممتلئة,مقدمة علم الحاسب,0,ح,عملي,1030 - 1210,نفيد رسول,,09,0924 0923 0922 0921 0920
0921-110,57898,51,ممتلئة,مقدمة علم الحاسب,0,خ,عملي,1419 - 1559,سند عبدالله الافغاني,,09,0924 0923 0922 0921 0920
0921-110,57900,52,ممتلئة,مقدمة علم الحاسب,0,ح,عملي,0830 - 1010,سند عبدالله الافغاني,,09,0924 0923 0922 0921 0920
0921-110,57902,53,ممتلئة,مقدمة علم الحاسب,0,ث,عملي,1235 - 1415,راما سامي,,09,0924 0923 0922 0921 0920
0921-110,57903,54,ممتلئة,مقدمة علم الحاسب,0,خ,عملي,1030 - 1210,سيد هاشم رضا بخاري,,09,0924 0923 0922 0921 0920
0921-110,63617,55,ممتلئة,مقدمة علم الحاسب,0,خ,عملي,1419 - 1559,فواز أبو خضرا,,09,0924 0923 0922 0921 0920
0921-110,63618,56,ممتلئة,مقدمة علم الحاسب,0,خ,عملي,0830 - 1010,ساجد اقبال,,09,0924 0923 0922 0921 0920
0921-110,68291,57,ممتلئة,مقدمة علم الحاسب,0,ر,عملي,1030 - 1210,صديق مصطفى الخضر النعيم,,09,0924 0923 0922 0921 0920
0921-110,69318,58,متاحه,مقدمة علم الحاسب,0,ث,عملي,1600 - 1740,,,09,0924 0923 0922 0921 0920
0921-110,72762,59,متاحه,مقدمة علم الحاسب,0,ر,عملي,1235 - 1415,,,09,0924 0923 0922 0921 0920
0921-120,65495,01,متاحه,مباديء البرمجة,4,ح ث,نظري,1600 - 1715,محمد عبدالرحمن العبداللطيف,0921-110,09,0924 0923 0922 0921 0920
0921-120,65496,02,ممتلئة,مباديء البرمجة,4,ن ر,نظري,0900 - 1015,محمد عبدالرحمن العبداللطيف,0921-110,09,0924 0923 0922 0921 0920
0921-120,65498,03,متاحه,مباديء البرمجة,4,ح خ,نظري,1030 - 1145,محمد عبدالرحمن العبداللطيف,0921-110,09,0924 0923 0922 0921 0920
0921-120,65501,04,ممتلئة,مباديء البرمجة,4,ث,نظري,0900 - 1015,محمد عبدالرحمن العبداللطيف,0921-110,09,0924 0923 0922 0921 0920
0921-120,65501,04,ممتلئة,مباديء البرمجة,4,ر,نظري,1030 - 1145,محمد عبدالرحمن العبداللطيف,0921-110,09,0924 0923 0922 0921 0920
0921-120,65503,41,متاحه,مباديء البرمجة,0,ث,عملي,1235 - 1415,محمد فيصل صديقي,0921-110,09,0924 0923 0922 0921 0920
0921-120,65504,42,ممتلئة,مباديء البرمجة,0,ح,عملي,1030 - 1210,سيد هاشم رضا بخاري,0921-110,09,0924 0923 0922 0921 0920
0921-120,65505,43,متاحه,مباديء البرمجة,0,خ,عملي,1419 - 1559,مروان محمد امين الحاج,0921-110,09,0924 0923 0922 0921 0920
0921-120,65506,44,ممتلئة,مباديء البرمجة,0,ح,عملي,0830 - 1010,ساجد اقبال,0921-110,09,0924 0923 0922 0921 0920
0921-129,64147,01,ممتلئة,أسس البرمجة,3,ن ر,نظري,0900 - 1015,محمد عبدالرحمن العبداللطيف,,31,
0921-129,64149,10,ممتلئة,أسس البرمجة,0,خ,عملي,1419 - 1559,مروان محمد امين الحاج,,31,
0921-210,55206,01,متاحه,البرمجة كائنية التوجه (1),4,ح ث,نظري,1600 - 1715,توصيف أحمد رنا,0921-120,09,0924 0922 0921
0921-210,55207,02,ممتلئة,البرمجة كائنية التوجه (1),4,ح خ,نظري,1030 - 1145,عبدالعزيز عبدالرحمن الحمام,0921-120,09,0924 0922 0921
0921-210,55208,03,متاحه,البرمجة كائنية التوجه (1),4,ن ر,نظري,0900 - 1015,عبدالعزيز عبدالرحمن الحمام,0921-120,09,0924 0922 0921
0921-210,57914,04,متاحه,البرمجة كائنية التوجه (1),4,ح خ,نظري,1300 - 1415,عبدالعزيز عبدالرحمن الحمام,0921-120,09,0924 0922 0921
0921-210,57921,05,متاحه,البرمجة كائنية التوجه (1),4,ح ث,نظري,1600 - 1715,توصيف أحمد رنا,0921-120,09,0924 0922 0921
0921-210,64235,06,متاحه,البرمجة كائنية التوجه (1),4,ح خ,نظري,1030 - 1145,عبدالعزيز عبدالرحمن الحمام,0921-120,09,0924 0922 0921
0921-210,64236,07,متاحه,البرمجة كائنية التوجه (1),4,ن ر,نظري,0900 - 1015,عبدالعزيز عبدالرحمن الحمام,0921-120,09,0924 0922 0921
0921-210,64237,08,ممتلئة,البرمجة كائنية التوجه (1),4,ح خ,نظري,1300 - 1415,عبدالعزيز عبدالرحمن الحمام,0921-120,09,0924 0922 0921
0921-210,64238,09,متاحه,البرمجة كائنية التوجه (1),4,ث,نظري,1430 - 1545,عبدالعزيز عبدالرحمن الحمام,0921-120,09,0924 0922 0921
0921-210,64238,09,متاحه,البرمجة كائنية التوجه (1),4,ح,نظري,1430 - 1545,عبدالعزيز عبدالرحمن الحمام,0921-120,09,0924 0922 0921
0921-210,68304,10,غير متاحه,البرمجة كائنية التوجه (1),4,ح,نظري,0900 - 1015,,0921-120,09,0924 0922 0921
0921-210,68304,10,غير متاحه,البرمجة كائنية التوجه (1),4,خ,نظري,0900 - 1015,,0921-120,09,0924 0922 0921
0921-210,68305,11,متاحه,البرمجة كائنية التوجه (1),4,ح,نظري,1430 - 1545,عبدالعزيز عبدالرحمن الحمام,0921-120,09,0924 0922 0921
0921-210,68305,11,متاحه,البرمجة كائنية التوجه (1),4,ث,نظري,1430 - 1545,عبدالعزيز عبدالرحمن الحمام,0921-120,09,0924 0922 0921
0921-210,68306,12,غير متاحه,البرمجة كائنية التوجه (1),4,خ,نظري,0900 - 1015,,0921-120,09,0924 0922 0921
0921-210,68306,12,غير متاحه,البرمجة كائنية التوجه (1),4,ح,نظري,0900 - 1015,,0921-120,09,0924 0922 0921
0921-210,72763,13,متاحه,البرمجة كائنية التوجه (1),4,ح خ,نظري,1030 - 1145,عبدالعزيز عبدالرحمن الحمام,0921-120,09,0924 0922 0921
0921-210,73524,14,غير متاحه,البرمجة كائنية التوجه (1),4,ث,نظري,1430 - 1545,,0921-120,09,0924 0922 0921
0921-210,73524,14,غير متاحه,البرمجة كائنية التوجه (1),4,ح,نظري,1430 - 1545,,0921-120,09,0924 0922 0921
0921-210,73525,15,متاحه,البرمجة كائنية التوجه (1),4,ن,نظري,1600 - 1715,مروان محمد امين الحاج,0921-120,09,0924 0922 0921
0921-210,73525,15,متاحه,البرمجة كائنية التوجه (1),4,ر,نظري,1600 - 1715,مروان محمد امين الحاج,0921-120,09,0924 0922 0921
0921-210,72764,16,متاحه,البرمجة كائنية التوجه (1),4,ح خ,نظري,1030 - 1145,عبدالعزيز عبدالرحمن الحمام,0921-120,09,0924 0922 0921
0921-210,73526,17,غير متاحه,البرمجة كائنية التوجه (1),4,ث,نظري,1430 - 1545,,0921-120,09,0924 0922 0921
0921-210,73526,17,غير متاحه,البرمجة كائنية التوجه (1),4,ح,نظري,1430 - 1545,,0921-120,09,0924 0922 0921
0921-210,73528,18,متاحه,البرمجة كائنية التوجه (1),4,ر,نظري,1600 - 1715,مروان محمد امين الحاج,0921-120,09,0924 0922 0921
0921-210,73528,18,متاحه,البرمجة كائنية التوجه (1),4,ن,نظري,1600 - 1715,مروان محمد امين الحاج,0921-120,09,0924 0922 0921
0921-210,55209,41,متاحه,البرمجة كائنية التوجه (1),0,ن,عملي,1419 - 1559,سند عبدالله الافغاني,0921-120,09,0924 0922 0921
0921-210,55210,42,ممتلئة,البرمجة كائنية التوجه (1),0,ر,عملي,1235 - 1415,توصيف أحمد رنا,0921-120,09,0924 0922 0921
0921-210,55269,43,متاحه,البرمجة كائنية التوجه (1),0,ح,عملي,1030 - 1210,محمد نبيل أصغر,0921-120,09,0924 0922 0921
0921-210,57918,44,متاحه,البرمجة كائنية التوجه (1),0,ر,عملي,0830 - 1010,محمد عاصم,0921-120,09,0924 0922 0921
0921-210,57919,45,ممتلئة,البرمجة كائنية التوجه (1),0,ن,عملي,1419 - 1559,سند عبدالله الافغاني,0921-120,09,0924 0922 0921
0921-210,64251,46,متاحه,البرمجة كائنية التوجه (1),0,ر,عملي,1235 - 1415,سند عبدالله الافغاني,0921-120,09,0924 0922 0921
0921-210,64252,47,متاحه,البرمجة كائنية التوجه (1),0,ح,عملي,1030 - 1210,مايكل جوبيلانس,0921-120,09,0924 0922 0921
0921-210,64253,48,ممتلئة,البرمجة كائنية التوجه (1),0,ر,عملي,0830 - 1010,سند عبدالله الافغاني,0921-120,09,0924 0922 0921
0921-210,64254,49,ممتلئة,البرمجة كائنية التوجه (1),0,ث,عملي,1600 - 1740,محمد عاصم,0921-120,09,0924 0922 0921
0921-210,68308,50,غير متاحه,البرمجة كائنية التوجه (1),0,ن,عملي,0830 - 1010,,0921-120,09,0924 0922 0921
0921-210,68309,51,متاحه,البرمجة كائنية التوجه (1),0,ث,عملي,1600 - 1740,محمد عاصم,0921-120,09,0924 0922 0921
0921-210,68311,52,غير متاحه,البرمجة كائنية التوجه (1),0,ن,عملي,0830 - 1010,,0921-120,09,0924 0922 0921
0921-210,72765,53,ممتلئة,البرمجة كائنية التوجه (1),0,ث,عملي,1419 - 1559,محمد عاصم,0921-120,09,0924 0922 0921
0921-210,73530,54,غير متاحه,البرمجة كائنية التوجه (1),0,خ,عملي,1235 - 1415,,0921-120,09,0924 0922 0921
0921-210,73531,55,متاحه,البرمجة كائنية التوجه (1),0,ح,عملي,1419 - 1559,سند عبدالله الافغاني,0921-120,09,0924 0922 0921
0921-210,72766,56,متاحه,البرمجة كائنية التوجه (1),0,ث,عملي,1419 - 1559,محمد عاصم,0921-120,09,0924 0922 0921
0921-210,73534,57,غير متاحه,البرمجة كائنية التوجه (1),4,خ,عملي,1235 - 1415,,0921-120,09,0924 0922 0921
0921-210,73536,58,متاحه,البرمجة كائنية التوجه (1),0,ح,عملي,1419 - 1559,سند عبدالله الافغاني,0921-120,09,0924 0922 0921
0921-211,68314,01,متاحه,هيكلة البيانات والخوارزميات,4,ن ر,نظري,0900 - 1015,سامي عبدالسلام النوالي,0921-120/0827-122,09,0924 0923 0922 0921 0920
0921-211,55212,02,ممتلئة,هيكلة البيانات والخوارزميات,4,ح خ,نظري,0900 - 1015,فرقان زهور,0921-120/0827-122,09,0924 0923 0922 0921 0920
0921-211,57933,04,متاحه,هيكلة البيانات والخوارزميات,4,ح ث,نظري,1600 - 1715,عابد اقبال,0827-122/0921-120,09,0924 0923 0922 0921 0920
0921-211,57936,05,متاحه,هيكلة البيانات والخوارزميات,4,ن ر,نظري,0900 - 1015,سامي عبدالسلام النوالي,0827-122/0921-120,09,0924 0923 0922 0921 0920
0921-211,63932,06,متاحه,هيكلة البيانات والخوارزميات,4,خ,نظري,0900 - 1015,فرقان زهور,0921-120/0827-122,09,0924 0923 0922 0921 0920
0921-211,63932,06,متاحه,هيكلة البيانات والخوارزميات,4,ح,نظري,0900 - 1015,فرقان زهور,0921-120/0827-122,09,0924 0923 0922 0921 0920
0921-211,63937,07,غير متاحه,هيكلة البيانات والخوارزميات,4,ث,نظري,1430 - 1545,,0921-120/0827-122,09,0924 0923 0922 0921 0920
0921-211,63937,07,غير متاحه,هيكلة البيانات والخوارزميات,4,ح,نظري,1430 - 1545,,0921-120/0827-122,09,0924 0923 0922 0921 0920
0921-211,68317,08,متاحه,هيكلة البيانات والخوارزميات,4,ح,نظري,1600 - 1715,عابد اقبال,0827-122/0921-120,09,0924 0923 0922 0921 0920
0921-211,68317,08,متاحه,هيكلة البيانات والخوارزميات,4,ث,نظري,1600 - 1715,عابد اقبال,0827-122/0921-120,09,0924 0923 0922 0921 0920
0921-211,63942,09,ممتلئة,هيكلة البيانات والخوارزميات,4,ح خ,نظري,1300 - 1415,محمد نبيل أصغر,0921-120/0827-122,09,0924 0923 0922 0921 0920
0921-211,63944,10,ممتلئة,هيكلة البيانات والخوارزميات,4,ح خ,نظري,1030 - 1145,سامي عبدالسلام النوالي,0921-120/0827-122,09,0924 0923 0922 0921 0920
0921-211,63946,11,ممتلئة,هيكلة البيانات والخوارزميات,4,ح خ,نظري,1300 - 1415,محمد نبيل أصغر,0921-120/0827-122,09,0924 0923 0922 0921 0920
0921-211,63947,12,متاحه,هيكلة البيانات والخوارزميات,4,ح خ,نظري,1030 - 1145,سامي عبدالسلام النوالي,0921-120/0827-122,09,0924 0923 0922 0921 0920
0921-211,63948,13,ممتلئة,هيكلة البيانات والخوارزميات,4,ث,نظري,0900 - 1015,فرقان زهور,0921-120/0827-122,09,0924 0923 0922 0921 0920
0921-211,63948,13,ممتلئة,هيكلة البيانات والخوارزميات,4,ر,نظري,1030 - 1145,فرقان زهور,0921-120/0827-122,09,0924 0923 0922 0921 0920
0921-211,72769,14,غير متاحه,هيكلة البيانات والخوارزميات,4,خ,نظري,1430 - 1545,,0921-120/0827-122,09,0924 0923 0922 0921 0920
0921-211,72769,14,غير متاحه,هيكلة البيانات والخوارزميات,4,ث,نظري,1300 - 1415,,0921-120/0827-122,09,0924 0923 0922 0921 0920
0921-211,72770,15,غير متاحه,هيكلة البيانات والخوارزميات,4,ح ث,نظري,1600 - 1715,,0921-120/0827-122,09,0924 0923 0922 0921 0920
0921-211,72772,16,متاحه,هيكلة البيانات والخوارزميات,4,ث,نظري,0900 - 1015,فرقان زهور,0921-120/0827-122,09,0924 0923 0922 0921 0920
0921-211,72772,16,متاحه,هيكلة البيانات والخوارزميات,4,ر,نظري,1030 - 1145,فرقان زهور,0921-120/0827-122,09,0924 0923 0922 0921 0920
0921-211,72773,17,غير متاحه,هيكلة البيانات والخوارزميات,4,خ,نظري,1430 - 1545,,0921-120/0827-122,09,0924 0923 0922 0921 0920
0921-211,72773,17,غير متاحه,هيكلة البيانات والخوارزميات,4,ث,نظري,1300 - 1415,,0921-120/0827-122,09,0924 0923 0922 0921 0920
0921-211,72774,18,غير متاحه,هيكلة البيانات والخوارزميات,4,ح ث,نظري,1600 - 1715,,0921-120/0827-122,09,0924 0923 0922 0921 0920
0921-211,68330,41,متاحه,هيكلة البيانات والخوارزميات,0,ث,عملي,0830 - 1010,محمد نبيل أصغر,0921-120/0827-122,09,0924 0923 0922 0921 0920
0921-211,55215,42,ممتلئة,هيكلة البيانات والخوارزميات,0,ن,عملي,1235 - 1415,مايكل جوبيلانس,0827-122/0921-120,09,0924 0923 0922 0921 0920
0921-211,57934,44,ممتلئة,هيكلة البيانات والخوارزميات,0,ن,عملي,0830 - 1010,محمد فيصل صديقي,0827-122/0921-120,09,0924 0923 0922 0921 0920
0921-211,57935,45,متاحه,هيكلة البيانات والخوارزميات,0,ث,عملي,0830 - 1010,محمد فيصل صديقي,0827-122/0921-120,09,0924 0923 0922 0921 0920
0921-211,63986,46,متاحه,هيكلة البيانات والخوارزميات,0,ن,عملي,1235 - 1415,محمد احتشام ال حقي,0921-120/0827-122,09,0924 0923 0922 0921 0920
0921-211,63996,47,غير متاحه,هيكلة البيانات والخوارزميات,0,خ,عملي,1030 - 1210,,0921-120/0827-122,09,
0921-211,68335,48,ممتلئة,هيكلة البيانات والخوارزميات,0,ن,عملي,0830 - 1010,محمد فيصل صديقي,0827-122/0921-120,09,0924 0923 0922 0921 0920
0921-211,64005,49,ممتلئة,هيكلة البيانات والخوارزميات,0,ر,عملي,1030 - 1210,مايكل جوبيلانس,0921-120/0827-122,09,0924 0923 0922 0921 0920
0921-211,64012,50,ممتلئة,هيكلة البيانات والخوارزميات,0,ر,عملي,0830 - 1010,محمد فيصل صديقي,0921-120/0827-122,09,0924 0923 0922 0921 0920
0921-211,64016,51,ممتلئة,هيكلة البيانات والخوارزميات,0,ر,عملي,1030 - 1210,محمد نبيل أصغر,0921-120/0827-122,09,0924 0923 0922 0921 0920
0921-211,64022,52,متاحه,هيكلة البيانات والخوارزميات,0,ر,عملي,0830 - 1010,محمد فيصل صديقي,0921-120/0827-122,09,0924 0923 0922 0921 0920
0921-211,64027,53,ممتلئة,هيكلة البيانات والخوارزميات,0,ن,عملي,1600 - 1740,محمد فيصل صديقي,0921-120/0827-122,09,0924 0923 0922 0921 0920
0921-211,72777,54,غير متاحه,هيكلة البيانات والخوارزميات,0,ح,عملي,1235 - 1415,,0921-120/0827-122,09,0924 0923 0922 0921 0920
0921-211,72780,55,غير متاحه,هيكلة البيانات والخوارزميات,0,خ,عملي,1030 - 1210,,0921-120/0827-122,09,0924 0923 0922 0921 0920
0921-211,72781,56,متاحه,هيكلة البيانات والخوارزميات,0,ن,عملي,1600 - 1740,محمد فيصل صديقي,0921-120/0827-122,09,0924 0923 0922 0921 0920
0921-211,72783,57,غير متاحه,هيكلة البيانات والخوارزميات,0,ح,عملي,1235 - 1415,,0921-120/0827-122,09,0924 0923 0922 0921 0920
0921-211,72786,58,غير متاحه,هيكلة البيانات والخوارزميات,0,ر,عملي,1030 - 1210,,0921-120/0827-122,09,0924 0923 0922 0921 0920
0921-212,55217,01,ممتلئة,الجبر الخطي,3,ن ر,نظري,1300 - 1415,حافظ فاروق,0827-122,09,0923 0922 0921
0921-212,55218,02,متاحه,الجبر الخطي,3,ن ر,نظري,1430 - 1545,اسرار الحق,0827-122,09,0923 0922 0921
0921-212,55219,03,متاحه,الجبر الخطي,3,ح خ,نظري,0900 - 1015,اسرار الحق,0827-122,09,0923 0922 0921
0921-212,57937,04,متاحه,الجبر الخطي,3,ح ث,نظري,1430 - 1545,اسرار الحق,0827-122,09,0923 0922 0921
0921-212,57938,05,متاحه,الجبر الخطي,3,ن ر,نظري,1300 - 1415,عبدالحافظ عبدالحافظ,0827-122,09,0923 0922 0921
0921-212,70428,06,غير متاحه,الجبر الخطي,3,ن,نظري,1019 - 1234,,0827-122,09,0923 0922 0921
0921-212,72789,07,ممتلئة,الجبر الخطي,3,ن ر,نظري,1300 - 1415,راما سامي,0827-122,09,0923 0922 0921
0921-212,72791,08,متاحه,الجبر الخطي,3,ن ر,نظري,1430 - 1545,اسرار الحق,0827-122,09,0923 0922 0921
0921-212,72793,09,متاحه,الجبر الخطي,3,ح خ,نظري,0900 - 1015,اسرار الحق,0827-122,09,0923 0922 0921
0921-220,57963,01,متاحه,اساسيات هندسة البرمجيات,4,ن ر,نظري,1300 - 1415,ماجد محمد عبدالله السعيد,0921-120,09,0923 0921
0921-220,68349,02,متاحه,اساسيات هندسة البرمجيات,4,ح خ,نظري,1300 - 1415,ماجد محمد عبدالله السعيد,0921-120,09,0923 0921
0921-220,64976,03,غير متاحه,اساسيات هندسة البرمجيات,4,ن ر,نظري,1430 - 1545,,0921-120,09,0923 0921
0921-220,57974,41,متاحه,اساسيات هندسة البرمجيات,0,خ,عملي,0830 - 1010,نعيم حمد,0921-120,09,0923 0921
0921-220,68353,42,متاحه,اساسيات هندسة البرمجيات,0,ن,عملي,1600 - 1740,نعيم حمد,0921-120,09,0923 0921
0921-220,65508,43,غير متاحه,اساسيات هندسة البرمجيات,0,ر,عملي,1235 - 1415,,0921-120,09,0923 0921
0921-221,57943,01,متاحه,نظريات اللغات والاتمتةالمحدودة,3,ن ر,نظري,1730 - 1845,محمد احتشام ال حقي,0921-212,09,0921
0921-221,68380,02,غير متاحه,نظريات اللغات والاتمتةالمحدودة,3,ن ر,نظري,1730 - 1845,,0921-212,09,0921
0921-224,68382,01,ممتلئة,الرياضيات لعلوم الحاسب,3,ح خ,نظري,1030 - 1145,اسرار الحق,0921-212,09,0921
0921-224,68383,02,غير متاحه,الرياضيات لعلوم الحاسب,3,ح خ,نظري,1030 - 1145,,0921-212,09,0921
0921-310,57945,01,متاحه,البرمجة كائنية التوجه (2),4,ح ث,نظري,1600 - 1715,محمد شجاع صميم,0921-210,09,0921
0921-310,68385,02,متاحه,البرمجة كائنية التوجه (2),4,ح خ,نظري,0900 - 1015,محمد شجاع صميم,0921-210,09,0921
0921-310,68387,03,متاحه,البرمجة كائنية التوجه (2),4,ن ر,نظري,0900 - 1015,رائد الزعبي,0921-210,09,0921
0921-310,68390,04,ممتلئة,البرمجة كائنية التوجه (2),4,ح خ,نظري,1030 - 1145,رائد الزعبي,0921-210,09,0921
0921-310,57946,41,متاحه,البرمجة كائنية التوجه (2),0,ح,عملي,1419 - 1559,محمد شجاع صميم,0921-210,09,0921
0921-310,68392,42,متاحه,البرمجة كائنية التوجه (2),0,ر,عملي,1030 - 1210,محمد شجاع صميم,0921-210,09,0921
0921-310,68393,43,متاحه,البرمجة كائنية التوجه (2),0,خ,عملي,0830 - 1010,حافظ فاروق,0921-210,09,0921
0921-310,68394,44,ممتلئة,البرمجة كائنية التوجه (2),0,ث,عملي,1235 - 1415,محمد شجاع صميم,0921-210,09,0921
0921-311,57947,01,متاحه,تصميم وتحليل الخوارزميات,3,ح ث,نظري,1730 - 1845,رائد الزعبي,0921-211,09,0921
0921-311,64255,02,ممتلئة,تصميم وتحليل الخوارزميات,3,ن ر,نظري,1300 - 1415,رائد الزعبي,0921-211,09,0921
0921-311,68399,03,متاحه,تصميم وتحليل الخوارزميات,3,خ,نظري,1430 - 1545,رائد الزعبي,0921-211,09,0921
0921-311,68399,03,متاحه,تصميم وتحليل الخوارزميات,3,ث,نظري,1300 - 1415,رائد الزعبي,0921-211,09,0921
0921-314,57950,01,ممتلئة,اساسيات برمجة الويب,4,ن ر,نظري,0900 - 1015,خالد رياض,0922-222/0921-210,09,0924 0921
0921-314,64091,02,متاحه,اساسيات برمجة الويب,4,ن ر,نظري,0900 - 1015,حافظ فاروق,0921-210/0922-222,09,0924 0921
0921-314,64094,03,ممتلئة,اساسيات برمجة الويب,4,ن ر,نظري,1600 - 1715,خالد رياض,0921-210/0922-222,09,0924 0921
0921-314,68402,04,ممتلئة,اساسيات برمجة الويب,4,ح خ,نظري,0900 - 1015,خالد رياض,0921-210/0922-222,09,0924 0921
0921-314,72806,05,متاحه,اساسيات برمجة الويب,4,ح خ,نظري,1030 - 1145,حافظ فاروق,0921-210/0922-222,09,0924 0921
0921-314,57954,41,ممتلئة,اساسيات برمجة الويب,0,ث,عملي,0830 - 1010,خالد رياض,0922-222/0921-210,09,0924 0921
0921-314,64257,42,متاحه,اساسيات برمجة الويب,0,ح,عملي,1600 - 1740,حافظ فاروق,0921-210/0922-222,09,0924 0921
0921-314,64258,43,ممتلئة,اساسيات برمجة الويب,0,ح,عملي,1419 - 1559,خالد رياض,0921-210/0922-222,09,0924 0921
0921-314,68403,44,ممتلئة,اساسيات برمجة الويب,0,خ,عملي,1600 - 1740,خالد رياض,0921-210/0922-222,09,0924 0921
0921-314,72810,45,متاحه,اساسيات برمجة الويب,0,ث,عملي,1419 - 1559,حافظ فاروق,0921-210/0922-222,09,0924 0921
0921-320,68406,01,متاحه,امن الحاسب,3,ن ر,نظري,1730 - 1845,عبدالرؤوف خان,0924-214,09,0924 0923 0922 0921
0921-320,68407,02,متاحه,امن الحاسب,3,ح ث,نظري,1430 - 1545,عبدالرؤوف خان,0924-214,09,0924 0923 0922 0921
0921-321,66197,01,ممتلئة,نظم التشغيل,4,خ,نظري,1430 - 1545,نعيم حمد,0923-313,09,0924 0923 0922 0921
0921-321,66197,01,ممتلئة,نظم التشغيل,4,ث,نظري,1300 - 1415,نعيم حمد,0923-313,09,0924 0923 0922 0921
0921-321,68410,02,ممتلئة,نظم التشغيل,4,ح خ,نظري,1300 - 1415,محمد احتشام ال حقي,0923-313,09,0924 0923 0922 0921
0921-321,72822,03,ممتلئة,نظم التشغيل,4,ث,نظري,0900 - 1015,مروان محمد امين الحاج,0923-313,09,0924 0923 0922 0921
0921-321,72822,03,ممتلئة,نظم التشغيل,4,ر,نظري,1030 - 1145,مروان محمد امين الحاج,0923-313,09,0924 0923 0922 0921
0921-321,72825,04,متاحه,نظم التشغيل,4,ث,نظري,0900 - 1015,مروان محمد امين الحاج,0923-313,09,0924 0923 0922 0921
0921-321,72825,04,متاحه,نظم التشغيل,4,ر,نظري,1030 - 1145,مروان محمد امين الحاج,0923-313,09,0924 0923 0922 0921
0921-321,66198,41,ممتلئة,نظم التشغيل,0,ث,عملي,1419 - 1559,نعيم حمد,0923-313,09,0924 0923 0922 0921
0921-321,69319,42,ممتلئة,نظم التشغيل,0,ث,عملي,0830 - 1010,محمد احتشام ال حقي,0923-313,09,0924 0923 0922 0921
0921-321,72826,43,ممتلئة,نظم التشغيل,0,خ,عملي,1235 - 1415,نعيم حمد,0923-313,09,0924 0923 0922 0921
0921-321,72827,44,متاحه,نظم التشغيل,0,ر,عملي,1235 - 1415,محمد احتشام ال حقي,0923-313,09,0924 0923 0922 0921
0921-323,64977,01,ممتلئة,معالجة الصور الرقمية,4,ح خ,نظري,1300 - 1415,احمد زاهر محمد عفيفي,0921-224/0921-310,09,0921
0921-323,68412,02,ممتلئة,معالجة الصور الرقمية,4,ح ث,نظري,1600 - 1715,احمد زاهر محمد عفيفي,0921-224/0921-310,09,0921
0921-323,64978,41,ممتلئة,معالجة الصور الرقمية,0,ن,عملي,1235 - 1415,احمد زاهر محمد عفيفي,0921-224/0921-310,09,0921
0921-323,68414,42,ممتلئة,معالجة الصور الرقمية,0,ر,عملي,1030 - 1210,احمد زاهر محمد عفيفي,0921-224/0921-310,09,0921
0921-324,64095,01,متاحه,الذكاء الاصطناعي,4,ح ث,نظري,1730 - 1845,عبدالاله القصيبي,0921-311,09,0921
0921-324,69320,02,متاحه,الذكاء الاصطناعي,4,ن,نظري,1600 - 1715,عبدالاله القصيبي,0921-311,09,0921 0911
0921-324,69320,02,متاحه,الذكاء الاصطناعي,4,ر,نظري,1600 - 1715,عبدالاله القصيبي,0921-311,09,0921 0911
0921-324,64096,41,متاحه,الذكاء الاصطناعي,0,ر,عملي,1235 - 1415,محمد شجاع صميم,0921-311,09,0921
0921-324,69321,42,متاحه,الذكاء الاصطناعي,0,خ,عملي,1600 - 1740,محمد شجاع صميم,0921-311,09,0921 0911
0921-330,69322,01,ممتلئة,التدريب (التعاوني) العملي,3,ح ن ث ر خ,نظري,0830 - 1600,عيد محمد عيد البلوي,0921-311,09,0921
0921-330,77558,02,ممتلئة,التدريب (التعاوني) العملي,3,ن,نظري,0830 - 1000,بدر المري,,,
0921-410,64098,01,غير متاحه,مقترح مشروع,2,ح,نظري,2200 - 2250,احمد زاهر محمد عفيفي,0922-322/0921-311,09,0921
0921-410,64100,02,غير متاحه,مقترح مشروع,2,ن,نظري,2200 - 2250,احمد زاهر محمد عفيفي,0922-322/0921-311,09,0921
0921-410,64101,03,غير متاحه,مقترح مشروع,2,ث,نظري,2200 - 2250,عيد محمد عيد البلوي,0922-322/0921-311,09,0921
0921-410,64102,04,غير متاحه,مقترح مشروع,2,ر,نظري,2200 - 2250,عبدالاله القصيبي,0922-322/0921-311,09,0921
0921-410,64103,05,غير متاحه,مقترح مشروع,2,خ,نظري,2200 - 2250,محمد احتشام ال حقي,0922-322/0921-311,09,0921
0921-410,64104,06,غير متاحه,مقترح مشروع,2,ح,نظري,2200 - 2250,محمد عبدالرحمن العبداللطيف,0922-322/0921-311,09,0921
0921-410,64105,07,غير متاحه,مقترح مشروع,2,ن,نظري,2200 - 2250,خالد رياض,0922-322/0921-311,09,0921
0921-410,64106,08,غير متاحه,مقترح مشروع,2,ث,نظري,2200 - 2250,فواز وصل الله سالم الصاعدي,0922-322/0921-311,09,0921
0921-410,64107,09,غير متاحه,مقترح مشروع,2,ر,نظري,2200 - 2250,حسن شجاع القحطاني,0922-322/0921-311,09,0921
0921-410,64109,10,غير متاحه,مقترح مشروع,2,خ,نظري,2200 - 2250,ماجد محمد عبدالله السعيد,0921-311,09,0921
0921-410,64110,11,غير متاحه,مقترح مشروع,2,ح,نظري,2300 - 2350,علاء الصغير,0922-322/0921-311,09,0921
0921-410,64112,12,غير متاحه,مقترح مشروع,2,ن,نظري,2300 - 2350,عيد محمد عيد البلوي,0922-322/0921-311,09,0921
0921-410,64115,13,غير متاحه,مقترح مشروع,2,ث,نظري,2300 - 2350,محمد عبدالرحمن العبداللطيف,0922-322/0921-311,09,0921
0921-410,64117,14,غير متاحه,مقترح مشروع,2,ر,نظري,2300 - 2350,عبدالاله القصيبي,0922-322/0921-311,09,0921
0921-410,64119,15,غير متاحه,مقترح مشروع,2,خ,نظري,2300 - 2350,عبدالحافظ عبدالحافظ,0922-322/0921-311,09,0921
0921-410,64121,16,غير متاحه,مقترح مشروع,2,ن,نظري,2300 - 2350,ساركار اناريانن سوريش,0922-322/0921-311,09,0921
0921-410,71746,17,غير متاحه,مقترح مشروع,2,خ,نظري,2300 - 2350,بدر المري,0922-322/0921-311,09,0921
0921-410,71747,18,غير متاحه,مقترح مشروع,2,ر,نظري,2200 - 2250,ماجد محمد عبدالله السعيد,0922-322/0921-311,09,0921
0921-410,71749,19,غير متاحه,مقترح مشروع,2,ر,نظري,2200 - 2250,حسن شجاع القحطاني,0922-322/0921-311,09,0921
0921-410,72831,20,غير متاحه,مقترح مشروع,2,ح,نظري,2200 - 2250,فواز وصل الله سالم الصاعدي,0922-322/0921-311,09,0921
0921-411,64128,01,متاحه,هندسة برمجيات متقدمة,3,ح خ,نظري,0900 - 1015,ماجد محمد عبدالله السعيد,0921-220/0921-310,09,0921
0921-411,64131,02,ممتلئة,هندسة برمجيات متقدمة,3,ن ر,نظري,1300 - 1415,نعيم حمد,0921-220/0921-310,09,0921
0921-412,64134,01,ممتلئة,علم البيانات,4,ن ر,نظري,0900 - 1015,ساركار اناريانن سوريش,0921-224/0922-222,09,0921
0921-412,64136,02,متاحه,علم البيانات,4,ن ر,نظري,1430 - 1545,ساركار اناريانن سوريش,0921-224/0922-222,09,0921
0921-412,64138,03,غير متاحه,علم البيانات,4,ن ر,نظري,0900 - 1015,,0921-224/0922-222,09,0921
0921-412,64262,04,متاحه,علم البيانات,4,ن ر,نظري,1430 - 1545,ساركار اناريانن سوريش,0921-224/0922-222,09,0921
0921-412,64141,41,ممتلئة,علم البيانات,0,ح,عملي,1419 - 1559,ساركار اناريانن سوريش,0921-224/0922-222,09,0921
0921-412,64144,42,متاحه,علم البيانات,0,ر,عملي,0830 - 1010,محمد احتشام ال حقي,0921-224/0922-222,09,0921
0921-412,64146,43,غير متاحه,علم البيانات,0,ح,عملي,1419 - 1559,,0921-224/0922-222,09,0921
0921-412,64263,44,متاحه,علم البيانات,0,ن,عملي,0830 - 1010,محمد احتشام ال حقي,0921-224/0922-222,09,0921
0921-414,72833,01,متاحه,الحوسبة واسعة الانتشار,3,ح ث,ا ختياري,1600 - 1715,ساركار اناريانن سوريش,0921-321/0924-214,09,0921
0921-415,72834,01,متاحه,تعلم الاله,3,ث,ا ختياري,0900 - 1015,علاء الصغير,0921-324,09,0921
0921-415,72834,01,متاحه,تعلم الاله,3,ر,ا ختياري,1030 - 1145,علاء الصغير,0921-324,09,0921
0921-420,64150,01,غير متاحه,تنفيذ مشروع,3,ح,نظري,2200 - 2250,علاء الصغير,0921-410,09,0921
0921-420,64152,02,غير متاحه,تنفيذ مشروع,3,ن,نظري,2200 - 2250,عبدالاله القصيبي,0921-410,09,0921
0921-420,68735,03,غير متاحه,تنفيذ مشروع,3,ث,نظري,2200 - 2250,نعيم حمد,0921-410,09,0921
0921-420,68736,04,غير متاحه,تنفيذ مشروع,3,ر,نظري,2200 - 2250,محمد شجاع صميم,0921-410,09,0921
0921-420,68737,05,غير متاحه,تنفيذ مشروع,3,خ,نظري,2200 - 2250,حسن شجاع القحطاني,0921-410,09,0921
0921-420,72837,06,غير متاحه,تنفيذ مشروع,3,ح,نظري,2200 - 2250,,0921-410,09,0921
0921-420,72838,07,غير متاحه,تنفيذ مشروع,3,ن,نظري,2200 - 2250,فواز وصل الله سالم الصاعدي,0921-410,09,0921
0921-421,64153,01,متاحه,موضوعات مختارة في علوم الحاسب,3,خ,نظري,1430 - 1545,عبدالاله القصيبي,0921-321/0921-320,09,0921
0921-421,64153,01,متاحه,موضوعات مختارة في علوم الحاسب,3,ث,نظري,1300 - 1415,عبدالاله القصيبي,0921-321/0921-320,09,0921
0921-421,68447,02,غير متاحه,موضوعات مختارة في علوم الحاسب,3,ح خ,نظري,1300 - 1415,,0921-321/0921-320,09,0921
0921-424,68738,01,غير متاحه,الطرق الرسميةفي هندسةالبرمجيات,3,ن,ا ختياري,1600 - 1715,,0921-411,09,0921
0921-424,68738,01,غير متاحه,الطرق الرسميةفي هندسةالبرمجيات,3,ر,ا ختياري,1600 - 1715,,0921-411,09,0921
0921-427,64264,01,متاحه,امن البرامج,3,ر,ا ختياري,1600 - 1715,عبدالرؤوف خان,0921-320,09,0921
0921-427,64264,01,متاحه,امن البرامج,3,ن,ا ختياري,1600 - 1715,عبدالرؤوف خان,0921-320,09,0921
0922-221,66258,01,ممتلئة,هندسة متطلبات البرمجيات,4,ن ر,نظري,1600 - 1715,محمد نبيل أصغر,0921-210,,0922
0922-221,68449,02,متاحه,هندسة متطلبات البرمجيات,4,ن,نظري,1600 - 1715,محمد نبيل أصغر,0921-210,,0922
0922-221,68449,02,متاحه,هندسة متطلبات البرمجيات,4,ر,نظري,1600 - 1715,محمد نبيل أصغر,0921-210,,0922
0922-221,66260,41,ممتلئة,هندسة متطلبات البرمجيات,0,خ,عملي,0830 - 1010,محمد نبيل أصغر,0921-210,,0922
0922-221,68450,42,متاحه,هندسة متطلبات البرمجيات,0,ح,عملي,1600 - 1740,محمد نبيل أصغر,0921-210,,0922
0922-222,65509,01,ممتلئة,مفاهيم وتصميم قواعد البيانات,4,ن ر,نظري,0900 - 1015,محمد عبدالرحمن ابراهيم بونيس,0921-211,09,0924 0922 0921
0922-222,65510,02,متاحه,مفاهيم وتصميم قواعد البيانات,4,خ,نظري,1430 - 1545,محمد عبدالرحمن ابراهيم بونيس,0921-211,09,0924 0922 0921
0922-222,65510,02,متاحه,مفاهيم وتصميم قواعد البيانات,4,ث,نظري,1300 - 1415,محمد عبدالرحمن ابراهيم بونيس,0921-211,09,0924 0922 0921
0922-222,68453,03,ممتلئة,مفاهيم وتصميم قواعد البيانات,4,ن ر,نظري,0900 - 1015,محمد عبدالرحمن ابراهيم بونيس,0921-211,09,0924 0922 0921
0922-222,68454,04,متاحه,مفاهيم وتصميم قواعد البيانات,4,ن ر,نظري,1300 - 1415,محمد عبدالرحمن ابراهيم بونيس,0921-211,09,0924 0922 0921
0922-222,65511,41,ممتلئة,مفاهيم وتصميم قواعد البيانات,0,ث,عملي,0830 - 1010,محمد عاصم,0921-211,09,0924 0922 0921
0922-222,65512,42,متاحه,مفاهيم وتصميم قواعد البيانات,0,خ,عملي,1600 - 1740,سند عبدالله الافغاني,0921-211,09,0924 0922 0921
0922-222,68456,43,متاحه,مفاهيم وتصميم قواعد البيانات,0,ث,عملي,0830 - 1010,سند عبدالله الافغاني,0921-211,09,0924 0922 0921
0922-222,68457,44,متاحه,مفاهيم وتصميم قواعد البيانات,0,ر,عملي,1600 - 1740,سند عبدالله الافغاني,0921-211,09,0924 0922 0921
0922-224,66264,01,متاحه,التطوير السريع للتطبيقات,4,ح خ,نظري,1030 - 1145,ساجد اقبال,0921-210,09,0922
0922-224,68459,02,ممتلئة,التطوير السريع للتطبيقات,4,ح خ,نظري,1300 - 1415,ساجد اقبال,0921-210,09,0922
0922-224,66266,41,متاحه,التطوير السريع للتطبيقات,0,ح,عملي,1600 - 1740,ساجد اقبال,0921-210,09,0922
0922-224,68461,42,ممتلئة,التطوير السريع للتطبيقات,0,ر,عملي,1030 - 1210,ساجد اقبال,0921-210,09,0922
0922-310,58004,01,ممتلئة,تنظيم الاعمال والإدارة,3,ن ر,نظري,1300 - 1415,محمد الحسن سليمان,0603-103,09,0922
0922-311,58005,01,متاحه,تحليل وتصميم نظم المعلومات,4,ن ر,نظري,1600 - 1715,توصيف أحمد رنا,0922-221,09,0922
0922-311,64267,02,متاحه,تحليل وتصميم نظم المعلومات,4,ن ر,نظري,1730 - 1845,توصيف أحمد رنا,0922-221,09,0922
0922-311,58006,41,متاحه,تحليل وتصميم نظم المعلومات,0,ن,عملي,1419 - 1559,توصيف أحمد رنا,0922-221,09,0922
0922-311,64269,42,متاحه,تحليل وتصميم نظم المعلومات,0,ر,عملي,1419 - 1559,توصيف أحمد رنا,0922-221,09,0922
0922-312,55220,01,ممتلئة,كتابة التقارير التقنية,3,ن ر,نظري,1600 - 1715,محمد الحسن سليمان,1722-111,09,0924 0923 0922 0921 0920
0922-312,58015,02,غير متاحه,كتابة التقارير التقنية,3,ح خ,نظري,1030 - 1145,,1722-111,09,0924 0923 0922 0921 0920
0922-312,58025,03,ممتلئة,كتابة التقارير التقنية,3,ح ث,نظري,1600 - 1715,حيدر أحمد مطلق وحشة,1722-111,09,0924 0923 0922 0921 0920
0922-312,64160,04,متاحه,كتابة التقارير التقنية,3,ح ث,نظري,1430 - 1545,حيدر أحمد مطلق وحشة,1722-111,09,0924 0923 0922 0921 0920
0922-312,64162,05,ممتلئة,كتابة التقارير التقنية,3,ح خ,نظري,1300 - 1415,حيدر أحمد مطلق وحشة,1722-111,09,0924 0923 0922 0921 0920
0922-312,72846,06,متاحه,كتابة التقارير التقنية,3,ن ر,نظري,1600 - 1715,عبدالمحسن سعود البشر,1722-111,09,0924 0923 0922 0921 0920
0922-312,72847,07,متاحه,كتابة التقارير التقنية,3,ث,نظري,1300 - 1415,عبدالمحسن سعود البشر,1722-111,09,0924 0923 0922 0921 0920
0922-312,72847,07,متاحه,كتابة التقارير التقنية,3,خ,نظري,1430 - 1545,عبدالمحسن سعود البشر,1722-111,09,0924 0923 0922 0921 0920
0922-312,72848,08,متاحه,كتابة التقارير التقنية,3,خ,نظري,0900 - 1015,حيدر أحمد مطلق وحشة,1722-111,09,0924 0923 0922 0921 0920
0922-312,72848,08,متاحه,كتابة التقارير التقنية,3,ح,نظري,0900 - 1015,حيدر أحمد مطلق وحشة,1722-111,09,0924 0923 0922 0921 0920
0922-314,58027,01,ممتلئة,النظم المبنية على الويب,4,ن ر,نظري,1730 - 1845,مايكل جوبيلانس,0922-224,09,0922
0922-314,68464,02,متاحه,النظم المبنية على الويب,4,ن ر,نظري,1600 - 1715,مايكل جوبيلانس,0922-224,09,0922
0922-314,58098,41,ممتلئة,النظم المبنية على الويب,0,ر,عملي,1419 - 1559,مايكل جوبيلانس,0922-224,09,0922
0922-314,68465,42,متاحه,النظم المبنية على الويب,0,ن,عملي,1419 - 1559,مايكل جوبيلانس,0922-224,09,0922
0922-319,64148,01,متاحه,تقنيات الويب,3,ث,نظري,0830 - 1010,مايكل جوبيلانس,0921-219,31,3103 3101
0922-319,64151,10,متاحه,تقنيات الويب,0,خ,عملي,1300 - 1440,مايكل جوبيلانس,0921-219,31,3103 3101
0922-322,66270,01,ممتلئة,المسؤولية المهنية,3,ن ر,نظري,1430 - 1545,عبدالله عبدالرحمن سعد العليمي,0826-152/0922-312,09,0924 0923 0922 0921 0920
0922-322,66271,02,متاحه,المسؤولية المهنية,3,خ,نظري,1430 - 1545,عبدالله عبدالرحمن سعد العليمي,0826-152/0922-312,09,0924 0923 0922 0921 0920
0922-322,66271,02,متاحه,المسؤولية المهنية,3,ث,نظري,1300 - 1415,عبدالله عبدالرحمن سعد العليمي,0826-152/0922-312,09,0924 0923 0922 0921 0920
0922-323,68466,01,متاحه,إدارة وتقييم قواعد البيانات,4,ح خ,نظري,0900 - 1015,عبدالغفار حامد احمد,0921-212/0922-222,09,0922
0922-323,72849,02,ممتلئة,إدارة وتقييم قواعد البيانات,4,ح خ,نظري,0900 - 1015,عبدالغفار حامد احمد,0921-212/0922-222,09,0922
0922-323,68467,41,متاحه,إدارة وتقييم قواعد البيانات,0,ح,عملي,1600 - 1740,عبدالغفار حامد احمد,0921-212/0922-222,09,0922
0922-323,72850,42,ممتلئة,إدارة وتقييم قواعد البيانات,0,ن,عملي,1235 - 1415,عبدالغفار حامد احمد,0921-212/0922-222,09,0922
0922-324,64186,01,متاحه,ادارة مشروع تقنية المعلومات,3,ن ر,نظري,0900 - 1015,عبدالرحيم أحمد,0922-311,09,0922
0922-330,66343,01,ممتلئة,التدريب (التعاوني) العملي,3,ح ن ث ر خ,نظري,0830 - 1600,ماجد عادي مغير الشمري,,09,0922
0922-410,64189,01,غير متاحه,مقترح مشروع,2,ح,نظري,2200 - 2250,ساجد اقبال,,09,0922
0922-410,64190,02,غير متاحه,مقترح مشروع,2,ح,نظري,2200 - 2250,عبدالرحيم أحمد,,09,0922
0922-410,64192,03,غير متاحه,مقترح مشروع,2,ن,نظري,2200 - 2250,عبدالمحسن سعود البشر,,09,0922
0922-410,64194,04,غير متاحه,مقترح مشروع,2,ن,نظري,2200 - 2250,,,09,0922
0922-410,64195,05,غير متاحه,مقترح مشروع,2,ث,نظري,2200 - 2250,محمد الحسن سليمان,,09,0922
0922-410,64197,06,غير متاحه,مقترح مشروع,2,ث,نظري,2200 - 2250,,,09,0922
0922-410,68739,07,غير متاحه,مقترح مشروع,2,ر,نظري,2200 - 2250,,,09,0922
0922-410,64200,08,غير متاحه,مقترح مشروع,2,ر,نظري,2200 - 2250,,,09,0922
0922-410,73011,09,غير متاحه,مقترح مشروع,2,ر,نظري,2200 - 2250,ماجد عادي مغير الشمري,,09,0922
0922-410,73012,10,غير متاحه,مقترح مشروع,2,ر,نظري,2200 - 2250,عبدالمحسن سعود البشر,,09,0922
0922-411,64201,01,متاحه,امن وتوكيد المعلومات,3,ن ر,نظري,1730 - 1845,حيدر أحمد مطلق وحشة,0827-121/0921-320,09,0922
0922-412,64203,01,ممتلئة,النظم المؤسسية,3,ح خ,نظري,1030 - 1145,عبدالرحيم أحمد,0922-310,09,0922
0922-414,65513,01,متاحه,تنقيب البيانات الكثيفة,3,ح,ا ختياري,0900 - 1015,سامي عبدالسلام النوالي,0922-222,09,0922 0921
0922-414,65513,01,متاحه,تنقيب البيانات الكثيفة,3,خ,ا ختياري,0900 - 1015,سامي عبدالسلام النوالي,0922-222,09,0922 0921
0922-415,73013,01,غير متاحه,تحليليات البيانات وتمثيلهابصري,3,ن ر,ا ختياري,0900 - 1015,,0827-121,09,0922
0922-416,65515,01,ممتلئة,اختبار الاختراق لتطبيقات الويب,3,ح,ا ختياري,1430 - 1545,احمد عبداللطيف اليحيا,0921-320,09,0922 0921
0922-416,65515,01,ممتلئة,اختبار الاختراق لتطبيقات الويب,3,ث,ا ختياري,1430 - 1545,احمد عبداللطيف اليحيا,0921-320,09,0922 0921
0922-417,65516,01,غير متاحه,اتصال الانسان بالحاسب,3,خ,ا ختياري,1300 - 1415,,0922-224,09,0922
0922-417,65516,01,غير متاحه,اتصال الانسان بالحاسب,3,ح,ا ختياري,1300 - 1415,,0922-224,09,0922
0922-420,64204,01,غير متاحه,تنفيذ مشروع,3,ح,نظري,2200 - 2250,احمد عبداللطيف اليحيا,0922-410,09,0922
0922-420,64205,02,غير متاحه,تنفيذ مشروع,3,ن,نظري,2200 - 2250,محمد الحسن سليمان,0922-410,09,0922
0922-420,64206,03,غير متاحه,تنفيذ مشروع,3,ث,نظري,2200 - 2250,,0922-410,09,0922
0922-420,73014,04,غير متاحه,تنفيذ مشروع,3,ح,نظري,2200 - 2250,عبدالغفار حامد احمد,0922-410,09,0922
0922-420,73015,05,غير متاحه,تنفيذ مشروع,3,ن,نظري,2200 - 2250,احمد عبداللطيف اليحيا,0922-410,09,0922
0922-420,73016,06,غير متاحه,تنفيذ مشروع,3,ث,نظري,2200 - 2250,ماجد عادي مغير الشمري,0922-410,09,0922
0922-420,72839,07,غير متاحه,تنفيذ مشروع,3,ن,نظري,2200 - 2250,محمد عاصم,0922-410,09,0922
0922-420,72840,08,غير متاحه,تنفيذ مشروع,3,ث,نظري,2200 - 2250,عبدالمحسن سعود البشر,0922-410,09,0922
0922-421,64207,01,متاحه,موضوعات مختارةفي نظم المعلومات,3,ن ر,نظري,1300 - 1415,ماجد عادي مغير الشمري,0922-410,09,0922
0922-422,64208,01,متاحه,الاعمال الالكترونية,3,ن ر,نظري,1600 - 1715,عبدالله عبدالرحمن سعد العليمي,0922-310,09,0922
0922-423,68748,01,متاحه,التطوير الرشيق للبرمجيات,3,ن,نظري,1430 - 1545,محمد عاصم,0922-311,,0922
0922-423,68748,01,متاحه,التطوير الرشيق للبرمجيات,3,ر,نظري,1430 - 1545,محمد عاصم,0922-311,,0922
0922-425,68749,01,متاحه,ريادة الاعمال والابتكارفي تقني,3,خ,نظري,1600 - 1715,عبدالمحسن سعود البشر,0922-310,09,0922
0922-425,68749,01,متاحه,ريادة الاعمال والابتكارفي تقني,3,خ,نظري,1730 - 1845,عبدالمحسن سعود البشر,0922-310,09,0922
0923-210,55221,01,ممتلئة,التفاضل والتكامل المتقدمه,3,ن ر,نظري,1600 - 1715,فرقان زهور,0827-111,09,0923
0923-213,55222,01,ممتلئة,مبادى الالكترونيات,4,ح خ,نظري,1030 - 1145,علي عبدالله مهدي,0814-132,09,0923
0923-213,64273,02,ممتلئة,مبادى الالكترونيات,4,ح خ,نظري,1030 - 1145,علي عبدالله مهدي,0814-132,09,0923
0923-213,55223,41,ممتلئة,مبادى الالكترونيات,0,ح,عملي,1600 - 1740,نفيد رسول,0814-132,09,0923
0923-213,64274,42,ممتلئة,مبادى الالكترونيات,0,خ,عملي,1600 - 1740,نفيد رسول,0814-132,09,0923
0923-222,58042,01,متاحه,المعادلات التفاضلية,3,ن ر,نظري,1730 - 1845,فيصل بشير أحمد,0923-210,09,0923
0923-223,68469,01,ممتلئة,تصميم المنطق الرقمي,4,ث,نظري,1300 - 1415,محمد الامين بهويان,0814-132,09,0924 0923 0922 0921 0920
0923-223,68469,01,ممتلئة,تصميم المنطق الرقمي,4,خ,نظري,1430 - 1545,محمد الامين بهويان,0814-132,09,0924 0923 0922 0921 0920
0923-223,68471,02,ممتلئة,تصميم المنطق الرقمي,4,ح ث,نظري,1430 - 1545,محمد الامين بهويان,0814-132,09,0924 0923 0922 0921 0920
0923-223,68472,41,ممتلئة,تصميم المنطق الرقمي,0,ح,عملي,0830 - 1010,نفيد رسول,0814-132,09,0924 0923 0922 0921 0920
0923-223,68473,42,ممتلئة,تصميم المنطق الرقمي,0,ث,عملي,1600 - 1740,نفيد رسول,0814-132,09,0924 0923 0922 0921 0920
0923-224,68475,01,متاحه,التحليل العددي,3,ن ر,نظري,0900 - 1015,صديق مصطفى الخضر النعيم,0923-210,09,0923
0923-310,58088,01,متاحه,الاشارات والنظم,3,ن ر,نظري,0900 - 1015,فواز أبو خضرا,0921-212,09,0923
0923-311,58092,01,ممتلئة,الدوائر الالكترونية,4,ح خ,نظري,0900 - 1015,فواز أبو خضرا,0923-221,09,0923
0923-311,58104,41,ممتلئة,الدوائر الالكترونية,0,ن,عملي,1235 - 1415,نفيد رسول,0923-221,09,0923
0923-313,58105,01,متاحه,معمارية وتنظيم الحاسب,4,ث,نظري,1300 - 1415,علي عبدالله مهدي,0923-223,09,0924 0923 0922 0921 0920
0923-313,58105,01,متاحه,معمارية وتنظيم الحاسب,4,خ,نظري,1430 - 1545,علي عبدالله مهدي,0923-223,09,0924 0923 0922 0921 0920
0923-313,58108,02,ممتلئة,معمارية وتنظيم الحاسب,4,ن ر,نظري,1430 - 1545,راما سامي,0923-223,09,0924 0923 0922 0921 0920
0923-313,64159,03,متاحه,معمارية وتنظيم الحاسب,4,ح خ,نظري,1030 - 1145,راما سامي,0923-223,09,0924 0923 0922 0921 0920
0923-313,68479,04,متاحه,معمارية وتنظيم الحاسب,4,ح خ,نظري,1300 - 1415,سيد هاشم رضا بخاري,0923-223,09,0924 0923 0922 0921 0920
0923-313,64161,05,متاحه,معمارية وتنظيم الحاسب,4,خ,نظري,1430 - 1545,علي عبدالله مهدي,0923-223,09,0924 0923 0922 0921 0920
0923-313,64161,05,متاحه,معمارية وتنظيم الحاسب,4,ث,نظري,1300 - 1415,علي عبدالله مهدي,0923-223,09,0924 0923 0922 0921 0920
0923-313,64163,06,ممتلئة,معمارية وتنظيم الحاسب,4,ن ر,نظري,1430 - 1545,صديق مصطفى الخضر النعيم,0923-223,09,0924 0923 0922 0921 0920
0923-313,64165,07,ممتلئة,معمارية وتنظيم الحاسب,4,ح خ,نظري,1030 - 1145,عابد اقبال,0923-223,09,0924 0923 0922 0921 0920
0923-313,73019,08,متاحه,معمارية وتنظيم الحاسب,4,ح خ,نظري,1300 - 1415,سيد هاشم رضا بخاري,0923-223,09,0924 0923 0922 0921 0920
0923-313,71407,09,متاحه,معمارية وتنظيم الحاسب,4,خ,نظري,1030 - 1145,راما سامي,0923-223,09,0924 0923 0922 0921 0920
0923-313,71407,09,متاحه,معمارية وتنظيم الحاسب,4,ح,نظري,1030 - 1145,راما سامي,0923-223,09,0924 0923 0922 0921 0920
0923-313,71411,10,ممتلئة,معمارية وتنظيم الحاسب,4,ر,نظري,1430 - 1545,صديق مصطفى الخضر النعيم,0923-223,09,0924 0923 0922 0921 0920
0923-313,71411,10,ممتلئة,معمارية وتنظيم الحاسب,4,ن,نظري,1430 - 1545,صديق مصطفى الخضر النعيم,0923-223,09,0924 0923 0922 0921 0920
0923-313,58116,41,متاحه,معمارية وتنظيم الحاسب,0,ر,عملي,1030 - 1210,نفيد رسول,0923-223,09,0924 0923 0922 0921 0920
0923-313,58122,42,ممتلئة,معمارية وتنظيم الحاسب,0,ث,عملي,0830 - 1010,نفيد رسول,0923-223,09,0924 0923 0922 0921 0920
0923-313,64171,43,متاحه,معمارية وتنظيم الحاسب,0,ح,عملي,1419 - 1559,نفيد رسول,0923-223,09,0924 0923 0922 0921 0920
0923-313,68483,44,متاحه,معمارية وتنظيم الحاسب,0,ح,عملي,1600 - 1740,صديق مصطفى الخضر النعيم,0923-223,09,0924 0923 0922 0921 0920
0923-313,64173,45,متاحه,معمارية وتنظيم الحاسب,0,ح,عملي,0830 - 1010,عابد اقبال,0923-223,09,0924 0923 0922 0921 0920
0923-313,64174,46,ممتلئة,معمارية وتنظيم الحاسب,0,ث,عملي,1600 - 1740,سيد هاشم رضا بخاري,0923-223,09,0924 0923 0922 0921 0920
0923-313,64176,47,ممتلئة,معمارية وتنظيم الحاسب,0,ث,عملي,1419 - 1559,عابد اقبال,0923-223,09,0924 0923 0922 0921 0920
0923-313,73021,48,متاحه,معمارية وتنظيم الحاسب,0,ح,عملي,1030 - 1210,محمد فيصل صديقي,0923-223,09,0924 0923 0922 0921 0920
0923-313,71428,49,متاحه,معمارية وتنظيم الحاسب,0,خ,عملي,1419 - 1559,فرقان زهور,0923-223,09,0924 0923 0922 0921 0920
0923-313,71430,50,ممتلئة,معمارية وتنظيم الحاسب,0,خ,عملي,0830 - 1010,عابد اقبال,0923-223,09,0924 0923 0922 0921 0920
0923-330,77559,01,ممتلئة,التدريب (التعاوني) العملي,3,ح ن ث ر خ,نظري,0830 - 1600,علي الزهراني,0923-311/0923-223/0923-313,,
0923-410,64183,01,غير متاحه,مقترح مشروع,2,ح,نظري,2200 - 2250,محمد فيصل صديقي,,09,0923
0923-410,64185,02,غير متاحه,مقترح مشروع,2,ح,نظري,2200 - 2250,فيصل بشير أحمد,,09,0923
0923-410,64187,03,غير متاحه,مقترح مشروع,2,ن,نظري,2200 - 2250,فيصل بشير أحمد,,09,0923
0923-410,68750,04,غير متاحه,مقترح مشروع,2,ن,نظري,2200 - 2250,فرقان زهور,,09,0923
0923-410,70430,05,غير متاحه,مقترح مشروع,2,ح,نظري,2200 - 2250,محمد فيصل صديقي,,09,0923
0923-410,70431,06,غير متاحه,مقترح مشروع,2,ن,نظري,2200 - 2250,فواز أبو خضرا,,09,0923
0923-411,68485,03,ممتلئة,تصميم ونمذجة النظم الرقمية,4,ح ث,نظري,1730 - 1845,فيصل بشير أحمد,0923-313,09,0923
0923-411,68486,43,ممتلئة,تصميم ونمذجة النظم الرقمية,0,ن,عملي,0830 - 1010,فيصل بشير أحمد,0923-313,09,0923
0923-412,68488,01,متاحه,التواصل مع طرفيات الحاسب,4,ن ر,نظري,1300 - 1415,محمد فيصل صديقي,0923-311/0923-313,09,0923
0923-412,68489,41,متاحه,التواصل مع طرفيات الحاسب,0,ر,عملي,1030 - 1210,محمد فيصل صديقي,0923-311/0923-313,09,0923
0923-413,64983,01,متاحه,الذكاء الحوسبي والنظم الخبيرة,3,ن,ا ختياري,1600 - 1715,محمد الامين بهويان,0827-122,09,0923
0923-413,64983,01,متاحه,الذكاء الحوسبي والنظم الخبيرة,3,ر,ا ختياري,1600 - 1715,محمد الامين بهويان,0827-122,09,0923
0923-420,64199,01,غير متاحه,تنفيذ مشروع,3,ح,نظري,2100 - 2230,فيصل بشير أحمد,0923-410,09,0923
0923-421,68491,01,متاحه,موضوعات مختارة في هندسة الحاسب,3,ح,نظري,1600 - 1715,محمد الامين بهويان,0923-410,09,0923
0923-421,68491,01,متاحه,موضوعات مختارة في هندسة الحاسب,3,ث,نظري,1600 - 1715,محمد الامين بهويان,0923-410,09,0923
0923-422,73547,01,متاحه,النظم الموزعة والمتوازية,3,ح,نظري,1030 - 1145,صديق مصطفى الخضر النعيم,0923-313,09,0923
0923-422,73547,01,متاحه,النظم الموزعة والمتوازية,3,خ,نظري,1030 - 1145,صديق مصطفى الخضر النعيم,0923-313,09,0923
0924-214,55287,01,متاحه,اساسيات شبكات الكمبيوتر,4,ح خ,نظري,0900 - 1015,سيد هاشم رضا بخاري,0921-110,09,0924 0923 0922 0921
0924-214,55288,02,ممتلئة,اساسيات شبكات الكمبيوتر,4,ن ر,نظري,0900 - 1015,منير حسونه أحمد,0921-110,09,0924 0923 0922 0921
0924-214,55289,03,ممتلئة,اساسيات شبكات الكمبيوتر,4,ح خ,نظري,1300 - 1415,احمد عبدالمحسن الجغيمان,0921-110,09,0924 0923 0922 0921
0924-214,55290,04,ممتلئة,اساسيات شبكات الكمبيوتر,4,ح خ,نظري,1030 - 1145,منير حسونه أحمد,0921-110,09,0924 0923 0922 0921
0924-214,58102,05,ممتلئة,اساسيات شبكات الكمبيوتر,4,ح خ,نظري,0900 - 1015,عبدالله عبدالرحمن راشد البوعلي,0921-110,09,0924 0923 0922 0921
0924-214,58112,06,متاحه,اساسيات شبكات الكمبيوتر,4,ن ر,نظري,0900 - 1015,منير حسونه أحمد,0921-110,09,0924 0923 0922 0921
0924-214,58128,07,ممتلئة,اساسيات شبكات الكمبيوتر,4,ح خ,نظري,1300 - 1415,احمد عبدالمحسن الجغيمان,0921-110,09,0924 0923 0922 0921
0924-214,68498,08,متاحه,اساسيات شبكات الكمبيوتر,4,ح خ,نظري,1030 - 1145,منير حسونه أحمد,0921-110,09,0924 0923 0922 0921
0924-214,58136,09,ممتلئة,اساسيات شبكات الكمبيوتر,4,ن ر,نظري,1430 - 1545,سيد هاشم رضا بخاري,0921-110,09,0924 0923 0922 0921
0924-214,58077,10,متاحه,اساسيات شبكات الكمبيوتر,4,ر,نظري,1030 - 1145,صائب علي الصيصان,0921-110,09,0924 0923 0922 0921
0924-214,58077,10,متاحه,اساسيات شبكات الكمبيوتر,4,ث,نظري,0900 - 1015,صائب علي الصيصان,0921-110,09,0924 0923 0922 0921
0924-214,58082,11,ممتلئة,اساسيات شبكات الكمبيوتر,4,ن ر,نظري,1430 - 1545,سيد هاشم رضا بخاري,0921-110,09,0924 0923 0922 0921
0924-214,73025,12,ممتلئة,اساسيات شبكات الكمبيوتر,4,ث,نظري,0900 - 1015,عبدالله عبدالرحمن راشد البوعلي,0921-110,09,
0924-214,73025,12,ممتلئة,اساسيات شبكات الكمبيوتر,4,ر,نظري,1030 - 1145,عبدالله عبدالرحمن راشد البوعلي,0921-110,09,
0924-214,73026,13,متاحه,اساسيات شبكات الكمبيوتر,4,ح خ,نظري,0900 - 1015,سيد هاشم رضا بخاري,0921-110,09,
0924-214,73028,14,ممتلئة,اساسيات شبكات الكمبيوتر,4,ث,نظري,0900 - 1015,عبدالله عبدالرحمن راشد البوعلي,0921-110,09,
0924-214,73028,14,ممتلئة,اساسيات شبكات الكمبيوتر,4,ر,نظري,1030 - 1145,عبدالله عبدالرحمن راشد البوعلي,0921-110,09,
0924-214,73030,15,ممتلئة,اساسيات شبكات الكمبيوتر,4,ح خ,نظري,0900 - 1015,عبدالله عبدالرحمن راشد البوعلي,0921-110,09,
0924-214,55291,41,متاحه,اساسيات شبكات الكمبيوتر,0,ر,عملي,1419 - 1559,حفيظ الرحمن,0921-110,09,0924 0923 0922 0921
0924-214,55292,42,ممتلئة,اساسيات شبكات الكمبيوتر,0,ث,عملي,0830 - 1010,حفيظ الرحمن,0921-110,09,0924 0923 0922 0921
0924-214,55293,43,ممتلئة,اساسيات شبكات الكمبيوتر,0,ث,عملي,1235 - 1415,محمد مصطفى الغوانم,0921-110,09,0924 0923 0922 0921
0924-214,55294,44,ممتلئة,اساسيات شبكات الكمبيوتر,0,ر,عملي,1030 - 1210,احمد عبدالمحسن الجغيمان,0921-110,09,0924 0923 0922 0921
0924-214,58089,45,ممتلئة,اساسيات شبكات الكمبيوتر,0,ر,عملي,1419 - 1559,محمد مصطفى الغوانم,0921-110,09,0924 0923 0922 0921
0924-214,58093,46,متاحه,اساسيات شبكات الكمبيوتر,0,ث,عملي,0830 - 1010,حفيظ الرحمن,0921-110,09,0924 0923 0922 0921
0924-214,58096,47,ممتلئة,اساسيات شبكات الكمبيوتر,0,ث,عملي,1235 - 1415,اسد طارق,0921-110,09,0924 0923 0922 0921
0924-214,68507,48,متاحه,اساسيات شبكات الكمبيوتر,0,ر,عملي,1030 - 1210,احمد عبدالمحسن الجغيمان,0921-110,09,0924 0923 0922 0921
0924-214,58100,49,ممتلئة,اساسيات شبكات الكمبيوتر,0,ح,عملي,0830 - 1010,حفيظ الرحمن,0921-110,09,0924 0923 0922 0921
0924-214,58103,50,متاحه,اساسيات شبكات الكمبيوتر,0,ن,عملي,1235 - 1415,اسد طارق,0921-110,09,0924 0923 0922 0921
0924-214,58106,51,ممتلئة,اساسيات شبكات الكمبيوتر,0,ح,عملي,0830 - 1010,صائب علي الصيصان,0921-110,09,0924 0923 0922 0921
0924-214,73032,52,ممتلئة,اساسيات شبكات الكمبيوتر,0,ن,عملي,0830 - 1010,صائب علي الصيصان,0921-110,09,
0924-214,73033,53,متاحه,اساسيات شبكات الكمبيوتر,0,خ,عملي,1419 - 1559,حفيظ الرحمن,0921-110,09,
0924-214,73036,54,ممتلئة,اساسيات شبكات الكمبيوتر,4,ن,عملي,0830 - 1010,صائب علي الصيصان,0921-110,09,
0924-214,73039,55,ممتلئة,اساسيات شبكات الكمبيوتر,0,خ,عملي,1419 - 1559,حفيظ الرحمن,0921-110,09,
0924-220,68509,01,متاحه,اساسيات تطوير البرمجيات,3,ن ر,نظري,1430 - 1545,صائب علي الصيصان,0603-103/0921-120,09,0924
0924-221,68510,01,متاحه,اساسيات التوجيه والتبديل,4,ح خ,نظري,1300 - 1415,حفيظ الرحمن,0924-214,09,0924
0924-221,68511,41,متاحه,اساسيات التوجيه والتبديل,0,ر,عملي,1030 - 1210,محمد مصطفى الغوانم,0924-214,09,0924
0924-310,58161,01,متاحه,الاساسيات الرياضيةلشبكات الحاس,3,ح خ,نظري,0900 - 1015,محمد مصطفى الغوانم,0827-121,09,0924
0924-310,73041,02,ممتلئة,الاساسيات الرياضيةلشبكات الحاس,3,ح خ,نظري,1030 - 1145,محمد مصطفى الغوانم,0827-121,09,
0924-311,58169,01,متاحه,تصميم ونمذجة الشبكات,3,ن ر,نظري,1300 - 1415,احمد عبدالمحسن الجغيمان,0924-221/0924-220,09,0924
0924-311,73042,02,متاحه,تصميم ونمذجة الشبكات,3,ح خ,نظري,0900 - 1015,احمد عبدالمحسن الجغيمان,0924-220/0924-221,09,0924
0924-312,58176,01,متاحه,الشبكات اللاسلكية والمتحركة,3,ن ر,نظري,1600 - 1715,عبدالله عبدالرحمن راشد البوعلي,0924-214,09,0924
0924-312,73043,02,متاحه,الشبكات اللاسلكية والمتحركة,3,ن ر,نظري,1430 - 1545,عبدالله عبدالرحمن راشد البوعلي,0924-214,09,0924
0924-323,64993,01,متاحه,محاكاة الشبكات,4,ح خ,نظري,0900 - 1015,اسد طارق,0924-310/0924-311,09,0924
0924-323,64994,41,متاحه,محاكاة الشبكات,0,ح,عملي,1600 - 1740,اسد طارق,0924-310/0924-311,09,0924
0924-324,73573,01,متاحه,اساسيات برمجة الشبكات,4,ر,نظري,0900 - 1015,محمد مصطفى الغوانم,0921-210,09,0924
0924-324,73573,01,متاحه,اساسيات برمجة الشبكات,4,ن,نظري,0900 - 1015,محمد مصطفى الغوانم,0921-210,09,0924
0924-324,73574,41,متاحه,اساسيات برمجة الشبكات,0,ث,عملي,0830 - 1010,محمد مصطفى الغوانم,0921-210,09,0924
0924-330,77561,01,ممتلئة,التدريب (التعاوني) العملي,3,ح ن ث ر خ,نظري,0830 - 1600,محمد عبدالعزيز عبداللطيف النعيم,,,
0924-410,64120,01,غير متاحه,مقترح مشروع,2,ح,نظري,2200 - 2250,محمد سعيد علي الزهراني,,09,0924
0924-410,64122,02,غير متاحه,مقترح مشروع,2,ن,نظري,2200 - 2250,اسد طارق,,09,0924
0924-410,64124,03,غير متاحه,مقترح مشروع,2,ث,نظري,2200 - 2250,احمد عبدالمحسن الجغيمان,,09,0924
0924-410,64126,04,غير متاحه,مقترح مشروع,2,ر,نظري,2200 - 2250,منير حسونه أحمد,,09,0924
0924-410,64130,05,غير متاحه,مقترح مشروع,2,خ,نظري,2200 - 2250,عبدالله عبدالرحمن راشد البوعلي,,09,0924
0924-410,64132,06,غير متاحه,مقترح مشروع,2,ح,نظري,2300 - 2350,احمد عبدالمحسن الجغيمان,,09,0924
0924-410,66208,07,غير متاحه,مقترح مشروع,2,ن,نظري,2300 - 2350,محمد سعيد علي الزهراني,,09,0924
0924-410,73045,08,غير متاحه,مقترح مشروع,2,ح,نظري,2200 - 2250,محمد مصطفى الغوانم,,09,0924
0924-410,73046,09,غير متاحه,مقترح مشروع,2,ن,نظري,2200 - 2250,محمد عبدالعزيز عبداللطيف النعيم,,09,0924
0924-410,73048,10,غير متاحه,مقترح مشروع,2,ث,نظري,2200 - 2250,,,09,0924
0924-411,64133,01,متاحه,النظم الموزعة,3,ن ر,نظري,1300 - 1415,منعم علي شاه,0921-321,09,0924
0924-412,64135,01,متاحه,امن الشبكات,4,ن ر,نظري,1730 - 1845,صائب علي الصيصان,0921-320,09,0924
0924-412,66210,41,متاحه,امن الشبكات,0,خ,عملي,1600 - 1740,صائب علي الصيصان,0921-320,09,0924
0924-413,64260,01,ممتلئة,ادارة الانظمة,4,خ,نظري,1430 - 1545,صائب علي الصيصان,0921-321,09,0924
0924-413,64260,01,ممتلئة,ادارة الانظمة,4,ث,نظري,1300 - 1415,صائب علي الصيصان,0921-321,09,0924
0924-413,64261,41,ممتلئة,ادارة الانظمة,0,ث,عملي,1419 - 1559,صائب علي الصيصان,0921-321,09,0924
0924-415,68741,01,متاحه,شبكات الوسائط المتعددةوتطبيقات,3,ح خ,ا ختياري,0900 - 1015,منير حسونه أحمد,0924-214,09,0924 0923
0924-416,68742,01,ممتلئة,شبكات الاتصالات,3,ن ر,ا ختياري,1430 - 1545,اسد طارق,0924-214,09,0924 0923
0924-420,64139,01,غير متاحه,تنفيذ مشروع,3,ح,نظري,2200 - 2250,منعم علي شاه,0924-410,09,0924
0924-420,64140,02,غير متاحه,تنفيذ مشروع,3,ن,نظري,2200 - 2250,منعم علي شاه,0924-410,09,0924
0924-420,68745,03,غير متاحه,تنفيذ مشروع,3,ث,نظري,2200 - 2250,منعم علي شاه,0924-410,09,0924
0924-420,73049,04,غير متاحه,تنفيذ مشروع,3,ح,نظري,2200 - 2250,منير حسونه أحمد,0924-410,09,0924
0924-420,73051,05,غير متاحه,تنفيذ مشروع,3,ن,نظري,2200 - 2250,منعم علي شاه,0924-410,09,0924
0924-420,72841,06,غير متاحه,تنفيذ مشروع,3,ث,نظري,2200 - 2250,منير حسونه أحمد,0924-410,09,0924
0924-420,72842,07,غير متاحه,تنفيذ مشروع,3,ح,نظري,2200 - 2250,منير حسونه أحمد,0924-410,09,0924
0924-420,72843,08,غير متاحه,تنفيذ مشروع,3,ن,نظري,2200 - 2250,محمد عبدالعزيز عبداللطيف النعيم,0924-410,09,0924
0924-420,72844,09,غير متاحه,تنفيذ مشروع,3,ث,نظري,2200 - 2250,,0924-410,09,0924
0924-421,64142,01,متاحه,موضوعات مختارة في شبكات الحاسب,3,ن ر,نظري,1600 - 1715,حفيظ الرحمن,0924-410,09,0924
0924-423,72845,01,متاحه,شبكات الاستشعاروالشبكات غيرالم,3,ن ر,ا ختياري,0900 - 1015,منعم علي شاه,0924-312,09,0924
0924-424,68747,01,غير متاحه,التوجيه المتقدم,3,ن ر,ا ختياري,0900 - 1015,,0924-221,09,0924
0932-310,74229,01,متاحه,تطبقيات تقنية للسفر والسياحه,3,ن خ,نظري,1900 - 2015,مبروك الطاهر المشيري,,,
